0.0, 266.3258530447241, 63.338396727419614, 148.15587231021254, 234.81348449354437, 160.57830644268236, 282.2953417964951, 243.1172659438239, 29.75, 258.43607526814054, 238.87673076296065, 169.89715271304578, 219.76126251002475, 233.01958072230755, 136.44434762935398, 75.99111790202852, 165.53927026539654, 120.99373950746379, 166.18809373718685, 231.5056208820857, 266.2129082144591, 99.40616178084737, 333.10090438184045, 146.23341786335982, 165.56775803277642, 325.7492325393876, 323.9164437011496, 107.21888826135066, 135.86673617924293, 124.47015706586058, 156.3168337064182, 312.0267176060409, 243.24496397664637, 182.12010460133172, 96.04040816239798, 351.88910184886373, 153.59896646787698, 141.4987279094763, 127.58688216270511, 127.45815980155999, 344.09557175296516, 33.73462612806017, 145.80556402277657, 188.65129869682852, 241.7281530976481, 177.06056873284916, 280.81169847426224, 23.269078194032524, 184.4513282684622, 134.4132154960962, 123.11097635873091, 51.41189064798143, 64.21427022087848, 290.55586812177796, 210.27544435810856, 160.13982171839706, 210.73836859955045, 102.8130585091213, 78.12529999942402, 32.346135781573665, 262.84603858532853, 23.242740802237584, 222.0316249996833, 312.13348506688607, 188.244369105692, 221.77575385961376, 58.8770328736087, 106.18621614880153, 107.65558508502939, 310.8638447938261, 186.6343617879623, 200.35444217685816, 315.90422994952127, 227.29475356901662, 78.27803012340053, 89.82530267135202, 184.24001329787183, 167.85556291049755, 139.30043969779848, 100.45243899478001, 105.62928097833478, 205.4106435898588, 224.00109374732975, 263.35563882324607, 177.04119577092786, 253.3115177010315, 91.78078502606088, 45.447469676539754, 252.5373091248103, 218.39467140935466, 274.3517814777225
266.3258530447241, 0.0, 253.4988412202312, 248.2358807666611, 117.03248480656984, 291.23554470565574, 189.5178091895324, 154.24242282848127, 244.93724196209934, 183.1332984467871, 29.35204422182551, 186.7875598106041, 46.83334816132624, 122.65889694596149, 158.84911079385998, 297.76341279613246, 207.13022473796528, 214.2051469969851, 107.13716675365276, 138.23936667968354, 48.609695534944464, 185.48348983130546, 67.31019610727635, 155.6713284455426, 141.49916077489647, 76.12721261152282, 57.59281639232448, 249.74308799244076, 290.0442207664204, 325.03224455429034, 116.76002098321155, 65.45, 43.53667993772608, 114.58692115595042, 205.33996201421684, 197.02233375939895, 172.81814864185995, 163.00383431073027, 186.07660384905998, 142.27618388191325, 107.85282796477802, 239.08305042390603, 142.01764855115718, 89.88460657976982, 65.9784813405098, 201.95030329266655, 71.97756594939843, 285.7312198553039, 157.2061147029593, 219.41873780513825, 217.9331147393622, 290.1119999241672, 237.05337479141699, 177.80310036666964, 66.75097377566861, 274.4886017669951, 63.49582663451198, 174.67840450381954, 264.33435739608274, 269.27012923828, 7.981227975693966, 243.2764374122574, 94.49546285404395, 47.43629939192137, 107.68004689820673, 150.9672977833279, 245.8829091254616, 256.5270794672562, 160.3450809972043, 76.99045395372079, 274.13067139596035, 66.52302233061874, 199.0330939818803, 178.22459145695916, 199.5442056287278, 288.21687147007896, 177.89539763580171, 227.11197678678246, 220.68131434265115, 168.79473481124938, 170.1338443696609, 187.4330880607797, 64.47984181122034, 219.09692489854805, 298.35318835232846, 137.2330317379894, 203.8457811680193, 224.3980447775782, 174.59107222306642, 58.34091617381407, 72.50324130685469
63.338396727419614, 253.4988412202312, 0.0, 85.21763315183073, 195.70289982521973, 219.11062274568067, 230.50761917993077, 196.00281247982133, 79.92424538273727, 206.5430039967464, 229.53436561874565, 117.32050119224687, 207.2425631958841, 250.81035166037304, 100.75198509210625, 44.306461154102564, 108.50056451466045, 164.67899835741045, 169.33996870201673, 187.71489019254705, 264.9516182249129, 68.1781673264983, 316.9825389512804, 169.72943174358417, 186.20855243516607, 321.7689932233993, 309.8577496206929, 43.9845711585324, 76.10790037834443, 81.47185096706716, 160.86983868954428, 308.38158181058736, 222.03686630827775, 150.76511532844725, 51.44523787485097, 304.3641938533506, 184.51673365849504, 101.71761155276897, 161.3807454438106, 112.49111075991736, 345.20186123484325, 42.00145830801593, 162.499538460883, 166.2503684206444, 214.65274864301182, 120.83721488018497, 283.9147275151467, 61.00149588329781, 211.6223995705559, 75.75701287669678, 65.59302554387928, 41.89779230460717, 114.68576633567045, 241.1400941361681, 209.17354039170442, 97.06175869002168, 208.1252567565984, 123.49843116412451, 18.125810326713673, 94.7782939285151, 248.40755322654746, 63.012637621353385, 232.27820603750152, 300.8933532000998, 157.87832340128267, 246.92865872555177, 9.553140844769327, 162.06247252217275, 97.79040085816195, 283.50540118311676, 123.29988848332346, 187.70771161569255, 264.84664430571894, 258.64147482567444, 107.54800091122101, 40.40188733215318, 217.21441020337483, 107.3541918138272, 184.76287505881697, 88.60600995417862, 83.66171466088895, 240.09336725532427, 225.20671060161595, 206.36648225911102, 235.41370499611952, 273.6277078440705, 128.77717189005202, 79.40913045739765, 201.8817475652517, 215.97297284614106, 244.86821455632008
148.15587231021254, 248.2358807666611, 85.21763315183073, 0.0, 155.7983632776673, 297.2858052447174, 163.41252246997473, 140.8100937433109, 160.06751700454404, 140.7979136919294, 231.68413842988906, 65.58555481201634, 207.8923399262224, 284.88129545479114, 95.4242762613372, 102.99340998335768, 45.96207675899774, 231.9116480472682, 196.30476305989117, 140.1268175618072, 274.33972552293625, 92.64692385611083, 302.0745355040706, 218.31977693282852, 229.80905117074917, 323.4189388393945, 298.33881745424947, 41.39036723683422, 48.805865426196476, 96.27290636518669, 191.0333217006918, 311.32652472926236, 208.07610386586921, 133.6514309687704, 72.82103061616198, 241.44343540465124, 238.5439372526579, 88.1423422652246, 220.52777602832708, 132.82027330193233, 352.31981210258385, 121.15511751469683, 205.39305002847587, 159.82396566222477, 192.57157760168036, 56.79606060282701, 297.44749536682946, 145.3107102040314, 259.3313421088936, 31.344058448133353, 39.012049420659764, 118.44074467851003, 191.0333217006918, 177.83444548230807, 224.75178530992807, 26.79272289260649, 221.91352482442343, 177.46242560046338, 74.41102068914255, 178.63308764056003, 241.36731862453954, 143.3911172283695, 259.1371258619653, 293.94707857027595, 140.62858884309406, 289.63615537429024, 89.41729418854051, 239.2945674268432, 130.51058386199946, 254.20435185102556, 41.54398271711561, 191.24737906700838, 197.43971231745655, 307.3886831033309, 171.61460456499614, 81.02556695266007, 270.42704191703905, 31.15, 252.09574569992256, 123.55347020622287, 109.3507773177676, 293.520442218255, 241.73246058401014, 130.41246106105046, 313.1490898917, 308.98578041715774, 194.62832527666674, 152.98243363210037, 139.00332729830606, 228.98133111675284, 215.50367166245684
234.81348449354437, 117.03248480656984, 195.70289982521973, 155.7983632776673, 0.0, 322.9421000736819, 79.54245721625652, 37.68477809407931, 225.2673522728049, 67.58263460386847, 116.30326736596871, 90.41252678694475, 98.94667755917831, 210.42802213583627, 98.51427561526299, 235.40121601215233, 109.92953424808093, 240.83382756581355, 141.29773529678386, 21.444463154856546, 159.80020337909463, 135.60365961138365, 153.79383927843145, 192.99001269495787, 190.2777180859598, 190.83443085565034, 153.31438288692942, 173.33624116150665, 203.6750414262877, 247.57274183560676, 144.85772330117578, 181.680007155438, 74.14219446442085, 56.59403678834017, 144.93085420296123, 123.20049715808781, 216.6180509560549, 94.81383074214436, 215.478374785035, 118.16634461639237, 223.9671850963886, 201.45198559458282, 174.93068627316364, 70.28292822585013, 51.05803071016351, 100.4573168066916, 185.07588308583053, 246.96933514102517, 218.063763610555, 134.46560898608982, 138.55933746954767, 237.47441967504628, 235.30830839560258, 74.52945726355452, 135.26220832146723, 178.83047838665533, 130.36595606215604, 181.8131252137755, 199.24439766276996, 251.5377705236333, 109.05463080493189, 215.719569116944, 178.20465762712266, 154.0707791893064, 53.14931796363901, 230.54587938195726, 191.53827946392335, 272.7270430302063, 136.7622480803822, 99.13406326787984, 170.59367661200105, 96.29771544538322, 101.20993034282752, 256.6015637130842, 197.55415080427946, 219.0298210290097, 237.42540933943866, 127.85543594231729, 255.61839722523882, 140.27448092935506, 130.55562990541617, 255.46068190623777, 147.75016920464083, 102.42987845350595, 334.8512393586143, 231.77004228329423, 213.5912100251319, 206.36410782885667, 58.57665917411132, 133.26499915581735, 61.767811196447624
160.57830644268236, 291.23554470565574, 219.11062274568067, 297.2858052447174, 322.9421000736819, 0.0, 392.31128265702483, 346.6804328196214, 139.20323272108303, 370.8911868729156, 262.7835801567518, 294.72119876249144, 256.34579185155354, 191.63802467151453, 243.35069858128617, 235.90649100861978, 299.13863424840326, 82.32443440437353, 191.23841141360694, 329.7605570713393, 263.7602415073204, 216.78905069214176, 353.3845851193852, 137.34724241862304, 149.74929048245937, 317.57635302396176, 340.6764153856266, 259.8605635720819, 294.78748701395045, 284.2105601486335, 184.0560784109017, 305.4780270330421, 292.2200284032564, 267.28682159807283, 228.6475289610627, 445.67645495359073, 118.41798849836962, 252.5984214123279, 109.30988061470013, 207.8569820814302, 320.1212582756728, 177.94359359077808, 153.7874669795949, 255.2735983214872, 303.55978406238205, 307.68901914108017, 263.9717077642981, 177.22480780071393, 138.6574375935168, 274.83180310873774, 263.3647091012765, 210.70116278748915, 106.25252938165754, 394.12424436971645, 224.7321628071959, 314.60619828604774, 228.46851533635876, 141.94517427514046, 236.1449766562905, 128.81711842763758, 292.24245499242573, 156.16002209272386, 204.62282375140853, 324.0996220300172, 269.8633913668173, 163.803365350044, 211.79511916000328, 58.011378194281846, 193.06458116392037, 360.99255186222337, 338.41090777337547, 243.60100574505023, 421.3773249713373, 148.44333093810582, 132.6352234513894, 250.31852208735972, 120.7464492231552, 308.53348683732855, 70.90588833094188, 193.778662396044, 208.61791030494, 124.9847990757276, 228.1154367858519, 387.9212806743141, 16.464886880874708, 198.29314788968378, 111.93107254020217, 144.34689120310142, 362.7611128552784, 232.94334075049238, 335.091871730724
282.2953417964951, 189.5178091895324, 230.50761917993077, 163.41252246997473, 79.54245721625652, 392.31128265702483, 0.0, 46.34031721945805, 279.73496831822797, 23.98968528347131, 193.78530001008846, 113.37677231249795, 178.03444189257314, 289.9339666199875, 152.00802610388703, 261.97681195098164, 123.59906957578605, 311.5200555341502, 218.73767965304924, 64.80295132167979, 235.55, 185.94522042795293, 209.2476105000963, 268.26192890531445, 267.5074064395227, 257.8502520844221, 212.86129873699446, 195.76110441045228, 210.77440546707754, 259.30630536105366, 221.20692236003828, 250.7839757640029, 149.50900474553364, 127.32738315067972, 186.3236431588863, 78.44998406628264, 292.1703484270777, 144.21529045146355, 288.0244824663348, 184.46195407183563, 291.8582404181866, 248.7951064631296, 250.27447432768685, 147.8446566501475, 126.12438305101834, 110.9505520490998, 260.4460980702149, 289.14067510469715, 296.13081990903953, 156.29645709356308, 165.24782146824205, 271.2761922838051, 296.8546824626487, 18.760130596560355, 214.77940427331478, 177.61698257768035, 209.86929265616726, 250.45966741174115, 227.83602107656287, 304.90785903285604, 181.690120810131, 267.09609693891076, 257.69437809156796, 218.35316004125062, 126.70435075402898, 309.9526173465873, 229.41905980105489, 338.8305513084675, 199.9851119458646, 144.94733526353633, 157.94658907364857, 175.77005575467058, 34.47277911628246, 335.82094187230194, 261.84210891298596, 241.61511749060736, 314.96519252133237, 132.41846547970567, 327.90965600299114, 200.82346102983087, 187.65027311464272, 333.7879004697444, 226.96089971622865, 44.9651253751171, 405.3432187665164, 311.09034861274625, 280.7098190302576, 263.2914402330619, 30.17519676820683, 212.58142557617776, 120.57080907085265
243.1172659438239, 154.24242282848127, 196.00281247982133, 140.8100937433109, 37.68477809407931, 346.6804328196214, 46.34031721945805, 0.0, 238.00540435040548, 30.17316688715323, 153.91924018783357, 80.29964196682324, 135.96272467113917, 246.38607915221186, 109.0394653325116, 231.63601835638602, 95.94980458552274, 265.56675243712266, 172.75434147945458, 18.942082778828734, 197.4822080593591, 144.65631683407398, 186.0094419646487, 221.93008471137932, 221.40176715645248, 227.03672059823276, 186.98682440214873, 166.35643961085486, 189.61409494022325, 236.39125406833477, 174.99474992124763, 218.3711118715111, 111.69607199897408, 80.9892739811884, 148.31495204462698, 108.9360592274202, 245.84379695245516, 102.26350766524686, 241.80846242429152, 138.89003743969545, 260.4858393464029, 209.38777423717937, 203.95031870531608, 102.17902181954962, 88.41778667213967, 84.14570696119915, 222.75238494795067, 252.12878653577027, 250.25, 126.05880572177416, 133.00230261164654, 237.70257150481143, 252.97834393481193, 48.37729322729828, 171.31597269373339, 160.4164969696072, 166.50953426155513, 204.74132460253352, 196.09279053550134, 263.69962552116, 146.2623157207625, 226.3609948732334, 214.2906262532265, 189.30470807668786, 80.45509617171555, 265.2251873408708, 193.57626404081674, 293.8551726616362, 155.15543819022264, 126.23408810618471, 147.13327291948616, 131.58557101749415, 75.24348809033243, 290.72593623548624, 217.09763932387654, 212.93926364106738, 268.89591387747043, 110.28610519915915, 281.75, 156.65813895230596, 144.28322840857146, 287.9870526603583, 184.48486387777183, 64.87852109905096, 359.5098051514033, 268.2023303403608, 235.371031565059, 220.6513369549344, 21.002916464148495, 169.88273161213297, 93.09868420122811
29.75, 244.93724196209934, 79.92424538273727, 160.06751700454404, 225.2673522728049, 139.20323272108303, 279.73496831822797, 238.00540435040548, 0.0, 256.29584955671834, 216.71190553359082, 170.39285489714644, 199.01986081795957, 204.33076738465016, 129.0797912145817, 102.63119652425378, 169.62149775308552, 91.86883312636556, 141.63717732290488, 224.625299109428, 241.28432398313822, 93.79020471243253, 312.1517339371992, 117.39252531571165, 136.9515607797151, 301.081384346492, 302.33841965585515, 121.19555478646899, 155.80819137644852, 150.66636154098896, 131.6335063728077, 287.3621495604458, 225.31139562836142, 170.23461751359505, 97.42896130001591, 345.6222974577885, 123.93756492686146, 135.85997387015794, 97.87241695186648, 111.35171754400558, 318.0250304614402, 39.08263680971385, 118.24096159960811, 172.5482251430017, 226.2649166353458, 180.08681934000612, 254.6492342419274, 52.924120209976095, 154.93025850362477, 141.14680301019928, 129.5, 79.30725061430385, 36.251620653427345, 286.20499646232594, 186.02425917067913, 175.80455056681552, 186.92654305903162, 75.63321029812235, 97.16897653057791, 26.350142314606195, 242.06264168599006, 16.977705969888866, 194.76611614960134, 289.7293996128111, 175.67210934009987, 192.29912246289632, 72.66610282655867, 82.2611694543665, 91.22654493073823, 294.49229616409326, 200.50723802396757, 180.09600217661688, 312.41416421154787, 197.54546944944093, 50.14292073663041, 113.31192567422019, 154.4900158586308, 175.31366889093388, 110.68525195345585, 85.76928354603413, 94.81383074214436, 175.70139441677745, 198.89148423198014, 265.352633301424, 155.49180846591247, 224.210174836023, 62.0695174783887, 20.652965888704703, 249.6052182948105, 194.3959361715157, 259.3887285523409
258.43607526814054, 183.1332984467871, 206.5430039967464, 140.7979136919294, 67.58263460386847, 370.8911868729156, 23.98968528347131, 30.17316688715323, 256.29584955671834, 0.0, 183.883284993498, 89.38714952385494, 166.1305886945568, 276.4282185305979, 129.24908123464553, 238.3687584395237, 99.95671563231755, 290.6745258876326, 201.46293083344142, 48.85603852135373, 227.17264910195505, 162.54024117122506, 210.46644031769057, 249.3565168588942, 249.7923787868637, 254.6752098261627, 212.58142557617776, 172.1665617940952, 188.68928162457982, 236.97093703659107, 203.17763779510776, 246.53643239894586, 141.1333500629812, 108.53668734580026, 162.4309237799256, 100.66988129525137, 273.30518198526715, 121.13944444317053, 267.8744155383265, 163.31054007626085, 288.3849207222874, 224.98004355942325, 231.5003293734158, 131.48871624591976, 117.70516131419217, 87.31781032527098, 252.39295750872287, 265.1572835130123, 279.0088394657058, 132.52249808994696, 141.34151018013074, 247.37474103068809, 274.1563650546892, 37.14125065207148, 201.4069822523539, 156.34347603913633, 196.6171533717239, 229.32346151233634, 204.04399648115108, 281.33229906997883, 175.17141604725356, 243.459154685134, 244.36943855564263, 216.1813185730904, 108.8837568235042, 294.90028823315856, 205.42942827160863, 316.78789828527226, 178.06024261468366, 148.10005064144983, 138.38417539588838, 161.5730562315388, 58.328316450931446, 320.1878354966035, 239.7155084678503, 218.19910632264282, 297.3115579657138, 109.67572657612077, 307.52653950512956, 178.45229754755192, 164.91649402045874, 316.8219255354654, 214.65303398740957, 36.942827449993594, 384.2049973646881, 298.32896272403724, 259.0673898814747, 240.1298450838629, 9.266741606411609, 200.04482622652353, 118.58855341052103
238.87673076296065, 29.35204422182551, 229.53436561874565, 231.68413842988906, 116.30326736596871, 262.7835801567518, 193.78530001008846, 153.91924018783357, 216.71190553359082, 183.883284993498, 0.0, 173.4708188716477, 23.805146502384734, 102.49742679696892, 138.90414860615215, 273.83088302819317, 193.19778078435579, 185.09441509672837, 77.85435119503599, 136.20802105603033, 44.944688228977625, 162.16486210027128, 96.2506363615327, 126.6332697200858, 113.08412797559167, 93.14209574623067, 85.74642849705171, 229.26602997391484, 271.0584484940471, 303.5258843986786, 87.54478853706827, 80.30955733908635, 45.07532584463478, 99.76534969617458, 183.0513384272292, 212.09682340855557, 144.42579409509923, 144.3464668774404, 156.924950215063, 117.2379844589628, 120.64596967988612, 212.63097728223892, 112.71630316861888, 71.96054474501982, 67.8612002546374, 189.59051268457503, 70.09880526799297, 258.8062450946653, 130.69676736629717, 201.72270571256968, 198.98231077158593, 264.82305413237725, 207.91885436390803, 184.47224723518713, 38.061594816822904, 258.3303505204141, 34.4229937687006, 145.6037860084689, 241.37924517240498, 240.72266199923928, 29.460354716126552, 215.72070484772667, 71.69107336342509, 73.25793472382361, 93.69023428298169, 128.66154242818635, 221.53230577051286, 227.2457040298012, 134.2764405992354, 100.84920673956736, 260.6814003721785, 42.15139380850887, 207.9860091448461, 156.1035313501908, 170.65685600057208, 265.5955807237763, 151.55040415650495, 213.18103222378858, 192.0559423709665, 143.0194392381679, 145.8727613367211, 162.86549665291295, 39.48179960437467, 218.22605252352432, 270.3198892053635, 120.44119934640305, 174.54089778616358, 196.26794185500594, 174.86905100674616, 30.132540550043238, 86.31386041650553
169.89715271304578, 186.7875598106041, 117.32050119224687, 65.58555481201634, 90.41252678694475, 294.72119876249144, 113.37677231249795, 80.29964196682324, 170.39285489714644, 89.38714952385494, 173.4708188716477, 0.0, 150.12348250690164, 241.15, 54.85628952089269, 151.39634242609696, 20.578690434524738, 218.9089822277743, 154.08350009004857, 76.07167672662408, 217.71012838175443, 78.61610840025091, 237.55590920875866, 189.53590688837826, 196.12558476649596, 262.7681963252022, 234.47649135894198, 86.1064022009978, 113.27083693519705, 157.94465011515902, 151.56010358930217, 251.30877422008172, 145.06898359056635, 73.7163482546443, 74.00907039005422, 187.3873328162819, 212.51255257043053, 44.83416665892207, 200.55763510771664, 97.12862605843861, 293.12578358104224, 136.83030548822143, 173.47576199573243, 102.21078710194928, 128.03160742566655, 17.092761625904693, 241.9897570146307, 175.81744082996997, 226.67249502310597, 45.86202132483914, 52.87896557233321, 158.51947829840975, 192.47136150606926, 123.89505639855047, 173.32457990717876, 89.83621207508695, 169.70236445023386, 158.08419433959867, 116.0575934611777, 194.4469722057919, 179.52816631381273, 156.39988011504357, 212.1779559709255, 231.19612886032502, 79.89358547468001, 251.56528476719518, 116.04228755070282, 238.11989627076522, 104.8394606052511, 188.61882859354205, 87.43907879203668, 135.85862136795, 147.60624986768008, 273.0504761028627, 162.146731388579, 132.67954816021947, 241.55579065714818, 40.377623753757476, 237.7466298394154, 101.96119359834898, 86.56045575203494, 263.6041445045961, 189.85524090738187, 95.04675165412019, 309.2687221495249, 265.0951385823588, 183.78166393848977, 156.14394000408726, 84.56394030554631, 175.95012077290542, 149.95243412495842
219.76126251002475, 46.83334816132624, 207.2425631958841, 207.8923399262224, 98.94667755917831, 256.34579185155354, 178.03444189257314, 135.96272467113917, 199.01986081795957, 166.1305886945568, 23.805146502384734, 150.12348250690164, 0.0, 112.56568082679553, 115.22231771666459, 251.5448319882561, 169.69947701746167, 176.2461134323251, 65.99518921860896, 117.60833303809727, 67.62159418410661, 139.48499023192423, 113.35894318491152, 119.0, 108.57110573260272, 116.65978313026304, 104.32700992552216, 205.75029161583225, 247.3440367180903, 280.2905679825848, 74.66247384061151, 103.98711458637554, 37.12640569729313, 76.42512675815462, 159.97910019749457, 204.20123040765452, 139.29912060023926, 120.55709228411243, 148.0835068466438, 95.54166630324175, 144.44869331357762, 192.259622646046, 103.13069378221014, 48.25686479662764, 55.4117541682268, 166.40466489855385, 92.23877980545926, 238.97004519395313, 130.733316335202, 177.91915298809175, 175.2385374282723, 243.40329701957612, 193.2564229204297, 170.43311004614097, 38.55087547644022, 234.54962161555494, 33.55804672504048, 130.93228211560356, 218.61135606367756, 223.77074205534558, 43.112556175666505, 196.78748054690877, 80.35835364167187, 93.85483471830314, 70.62198666137905, 135.40296340922526, 199.45731999603322, 216.7181233768879, 113.51282967136358, 104.73190774544307, 237.18149695960687, 19.705963564362946, 195.25420610066254, 162.46221868483764, 154.98836246634778, 242.70853404855788, 151.47521249366181, 189.65511461597868, 185.477545810807, 121.96985283257497, 123.67684706524501, 165.70420936113845, 48.941214737683005, 199.28558653349722, 265.1339519940817, 133.10357808864495, 161.44373632940983, 178.40664225302822, 156.9561722265168, 34.764709117149245, 81.42372197339053
233.01958072230755, 122.65889694596149, 250.81035166037304, 284.88129545479114, 210.42802213583627, 191.63802467151453, 289.9339666199875, 246.38607915221186, 204.33076738465016, 276.4282185305979, 102.49742679696892, 241.15, 112.56568082679553, 0.0, 191.30437789031384, 291.4409459907787, 257.4311267115925, 132.889427720944, 88.65783947288587, 227.57348813075745, 80.51901949229139, 195.97124789111285, 171.85570255304305, 86.95017251276734, 67.452001452885, 127.07699437742458, 158.40467953946307, 267.8764733977211, 312.6395448435786, 332.0852676647972, 94.07450504786087, 115.88594608493301, 146.42596252031262, 174.30878491917727, 218.66962523405027, 314.4788466653998, 86.47833543726429, 200.24955680350453, 111.32476139655546, 152.10349272781346, 128.82329952302885, 218.85945261742754, 88.94752666600684, 146.8169693870569, 167.50708940221006, 258.2383395237818, 73.72465666247624, 256.11057182396826, 56.22377166288295, 253.6118934513916, 246.6506892347962, 274.48235371331253, 179.6659469682555, 282.94312591049106, 75.16856058220085, 311.01611292664563, 80.06512973823249, 131.21406174644545, 267.1187984773816, 220.95203665049115, 127.33556062624453, 211.38145614031518, 32.262710673469456, 140.88315193805113, 171.22012878163596, 30.367416748877407, 241.3619895509647, 176.15990605129193, 157.82943324994866, 199.64915476905983, 321.63609872027735, 114.88373470600614, 307.8036590100904, 56.3010657092741, 154.7498788367862, 291.08639610947125, 71.06379176486433, 275.80044416207886, 128.9430591385205, 166.40613720653454, 177.83444548230807, 70.74936395473814, 64.15796910750839, 307.4643922472975, 194.25725211687723, 24.137315509393332, 144.48049176272897, 187.95521408037604, 267.1664883551079, 77.80792054797506, 188.80869948177707
136.44434762935398, 158.84911079385998, 100.75198509210625, 95.4242762613372, 98.51427561526299, 243.35069858128617, 152.00802610388703, 109.0394653325116, 129.0797912145817, 129.24908123464553, 138.90414860615215, 54.85628952089269, 115.22231771666459, 191.30437789031384, 0.0, 143.47951073236902, 67.29108410480544, 165.47339665335934, 102.81007975874738, 95.67811923318727, 180.06232948620874, 37.09669796626109, 219.005211125215, 134.78272329939028, 142.11077545351725, 231.86093353560017, 213.04767658906772, 90.89493935307951, 132.16659941150033, 166.388100536066, 98.94605853696244, 219.1975421851258, 123.25219064990286, 50.04020883249789, 49.42812964294724, 216.63840841365135, 157.66829896970413, 10.022474744293447, 146.04397454191664, 42.494381981622, 259.1713959911471, 102.97021413981811, 118.99845587233476, 69.02102940408814, 114.08926329852429, 70.89206584660938, 202.5807740137252, 148.593034830035, 172.60110804974573, 64.29434267491969, 60.22543067508941, 141.5510950151923, 144.91225793562117, 157.35565607883308, 129.3528217705358, 122.16403930780939, 126.59747232863697, 104.11544073767348, 108.13414123208265, 154.96148715084016, 152.80215967060153, 118.11242525661729, 164.31558812236898, 205.993064203628, 57.217239534951354, 199.13554429081714, 95.19099222090293, 188.0803086450041, 50.87656631495487, 182.75899430670987, 130.39273369325454, 97.30062949436658, 183.8632984040045, 219.55073445561507, 111.07083325517999, 130.9813918081496, 186.95537569163395, 84.71156945777832, 183.8513054073862, 49.637108094650316, 35.66910427807236, 209.19374393131358, 146.34018586840733, 144.6618211554106, 257.347362527771, 215.43459564331815, 131.5334273103229, 111.63683307940975, 121.86083250987579, 133.77190474834393, 144.138821973818
75.99111790202852, 297.76341279613246, 44.306461154102564, 102.99340998335768, 235.40121601215233, 235.90649100861978, 261.97681195098164, 231.63601835638602, 102.63119652425378, 238.3687584395237, 273.83088302819317, 151.39634242609696, 251.5448319882561, 291.4409459907787, 143.47951073236902, 0.0, 138.412499435564, 193.91200323858243, 212.3300320256181, 225.4220097949621, 308.91044414198757, 112.33309841716286, 360.980335336982, 207.88026000560995, 225.47851893251382, 365.9776803303721, 354.00921245074966, 66.21570810615863, 70.73118124278713, 48.48226479858381, 203.54869810440943, 352.56259373336815, 265.78461674822336, 193.45883929146274, 94.13633729862237, 338.2275121866937, 220.19005994821836, 143.32403845831305, 195.5034334736861, 156.7300625279018, 389.09564698156163, 73.7180100111228, 202.55446798330567, 210.15073756710916, 257.56290493780347, 151.05490723574655, 327.481816289088, 59.396969619669996, 249.03108741681226, 106.10312200873264, 98.6509629958066, 25.318817112969555, 138.8035752421385, 274.3886158352784, 252.95219409999194, 103.38753551565101, 252.03985795901409, 161.5264219872402, 36.1585743634895, 107.10057189389792, 292.61758320374395, 88.12357800271162, 274.51270007050675, 345.1690346772143, 200.68189380210663, 285.3326567359579, 52.516330793382735, 182.1765970150941, 141.50825064285124, 325.9520516885881, 131.93189530966347, 232.0140997870604, 296.43347061355945, 294.8142890024159, 141.9637277617068, 22.470981286984333, 252.39174412012767, 131.57765767789, 213.14540224926267, 132.35600666384582, 127.96126366990909, 274.7009510358492, 268.8036458086088, 232.618383839283, 252.36189292363457, 313.69881255752307, 160.73538036163663, 109.92953424808093, 234.85, 259.89827336863937, 287.05548244198366
165.53927026539654, 207.13022473796528, 108.50056451466045, 45.96207675899774, 109.92953424808093, 299.13863424840326, 123.59906957578605, 95.94980458552274, 169.62149775308552, 99.95671563231755, 193.19778078435579, 20.578690434524738, 169.69947701746167, 257.4311267115925, 67.29108410480544, 138.412499435564, 0.0, 226.01492207374275, 169.45675702078097, 94.2358344792468, 237.17220009942145, 82.6311381986234, 258.1104656925015, 201.19520993303993, 209.30731592565036, 283.03489625839427, 255.05492055633823, 72.21204885612926, 94.42478488193659, 140.4839136698576, 166.0878156277576, 271.46759014659557, 165.58403455647527, 93.4840761841288, 72.26292271974611, 200.0690130929825, 223.53056278728417, 57.672523787328736, 209.6336387605768, 109.55, 313.16786632731015, 133.6660951774982, 185.93434997331718, 121.5588849076858, 148.5996298784085, 12.648517699714855, 261.2303963936816, 168.80598330627976, 239.7510218956324, 32.95394513559795, 43.03861638110593, 148.2501011804039, 194.81171037696885, 136.1679936695845, 191.40904497959338, 69.40686205268179, 187.97704647110507, 166.4653867925702, 104.37103285873911, 192.30549264126597, 199.9220097938193, 154.528071883396, 229.22755615326878, 251.71522103361173, 99.89480717234505, 266.31711360706805, 108.82805244972455, 241.73854161055905, 114.10751508993613, 208.60469793367548, 67.48559105468367, 154.80805050125784, 158.06869550926268, 286.8296445627613, 167.4683253633355, 118.39833191392522, 253.60706319028264, 20.02048950450513, 245.41489869199057, 109.7600223214263, 94.14024112992276, 276.07191544957993, 208.11789927826968, 98.14052424966967, 314.16238635457296, 281.49444932360564, 189.8500790097281, 157.36655457879223, 96.6792247589936, 194.45925665804648, 170.11152224349766
120.99373950746379, 214.2051469969851, 164.67899835741045, 231.9116480472682, 240.83382756581355, 82.32443440437353, 311.5200555341502, 265.56675243712266, 91.86883312636556, 290.6745258876326, 185.09441509672837, 218.9089822277743, 176.2461134323251, 132.889427720944, 165.47339665335934, 193.91200323858243, 226.01492207374275, 0.0, 110.39434994600042, 248.28917112914934, 193.06458116392037, 143.75246084850164, 278.9025681129523, 58.579796005107426, 75.0380736693047, 250.6882177127597, 266.8113612648457, 199.16506972860478, 239.7155084678503, 241.2944777652402, 102.57149945282072, 237.65927816939947, 211.30987317207874, 185.52674335523707, 159.68670890215003, 363.41159172486505, 46.896081925892275, 175.15183413256054, 28.2287530720009, 127.39471142869316, 259.34244253496183, 123.28349443457546, 73.1232008325675, 172.9499421798111, 221.6763068079221, 233.19982847335032, 198.3762208532061, 143.39325297935045, 76.94031777943214, 205.73004763524455, 194.8796102725988, 171.1299579267172, 57.208675041465526, 312.60408266687756, 147.53444513062027, 252.81946622046334, 150.72367100094135, 61.58806702600756, 182.79418070606079, 98.33505224486332, 214.32635162293974, 105.81814589190267, 135.96272467113917, 251.1081091880547, 187.84438373291866, 112.38870049964987, 155.76690919447557, 44.168003124433866, 114.5970767515472, 280.92117221740335, 273.42863785638843, 162.3596393812206, 339.86802217919825, 110.62879372026073, 60.29962686451715, 202.2660871228788, 68.6437360579973, 237.96757132012758, 20.303017017182448, 116.96128633013575, 132.4628627200847, 86.87124092586683, 153.7396663193985, 309.8346212094446, 94.09208255746071, 147.55395623296585, 37.29922921455616, 85.46380812952346, 282.3103124223414, 156.1192252735069, 253.57445652115672
166.18809373718685, 107.13716675365276, 169.33996870201673, 196.30476305989117, 141.29773529678386, 191.23841141360694, 218.73767965304924, 172.75434147945458, 141.63717732290488, 201.46293083344142, 77.85435119503599, 154.08350009004857, 65.99518921860896, 88.65783947288587, 102.81007975874738, 212.3300320256181, 169.45675702078097, 110.39434994600042, 0.0, 153.98488562193367, 100.02532179403374, 109.01867959207725, 174.02920731877165, 54.39545017738156, 48.979995916700524, 159.62609435803407, 163.12403256418105, 181.16920958043616, 225.76193766886394, 249.0969941609091, 10.022474744293447, 145.90005140506292, 101.03427636203467, 93.50831513828062, 131.83483037498095, 259.68136725610486, 76.72268243485755, 111.95460017346318, 82.3326180805639, 63.72883962540037, 178.60977016949548, 143.99980034708383, 37.46471673454905, 71.1180708399771, 113.10849879650955, 171.08270660706768, 115.83096520361039, 187.61599745224288, 77.54692127995799, 165.0056059653732, 158.28360622629242, 199.00816566161302, 130.21693438259098, 215.76016777894847, 44.396227317194416, 222.54826442819095, 45.58741602679406, 68.16019732952657, 184.22638247547496, 164.47765805725712, 105.98991697326684, 142.9907427073515, 64.06816682253364, 149.3126417956631, 92.58012745724646, 97.65, 160.28509756056548, 150.79273855196078, 72.24342530639034, 170.54914980732093, 233.02772903669637, 52.42060663517735, 242.50327832835583, 120.52660494679171, 93.69873264884643, 208.68484012979957, 96.26590777632546, 187.4696842158753, 120.6611992315674, 81.32662540644361, 90.76614181510637, 115.36416254626045, 57.919448374445004, 228.5186425655465, 200.79783987881942, 112.79181042965843, 96.71279646458375, 121.75272070882029, 192.33383737657815, 52.85347670683548, 143.96066302987077
231.5056208820857, 138.23936667968354, 187.71489019254705, 140.1268175618072, 21.444463154856546, 329.7605570713393, 64.80295132167979, 18.942082778828734, 224.625299109428, 48.85603852135373, 136.20802105603033, 76.07167672662408, 117.60833303809727, 227.57348813075745, 95.67811923318727, 225.4220097949621, 94.2358344792468, 248.28917112914934, 153.98488562193367, 0.0, 180.21431685634747, 132.26156849213606, 174.597737671483, 203.61218038221585, 202.71315941497238, 212.2656943549758, 174.47631644438164, 161.46536006215078, 188.65129869682852, 233.99718481212548, 156.40967041714526, 203.04344362721983, 95.09957938918552, 63.0, 138.33680818928852, 120.99728302734734, 227.49299989230434, 90.00718026913187, 224.09021620766936, 122.3799411668432, 245.3562410047888, 197.81441428773587, 185.59639005109983, 83.28088015865346, 72.28072011262755, 83.65292881901985, 205.53226632331967, 241.86823375548929, 231.440791564495, 121.59969161145105, 127.13144772242626, 229.60693587084862, 237.8542936337286, 64.36384854870008, 152.55664521744046, 161.8718783482789, 147.77504017932122, 187.85612180602476, 189.44346122260328, 250.604399402724, 130.2700752283501, 213.75718116592014, 195.51502499808038, 175.48233529332802, 61.95098869267544, 246.28687033619963, 184.48187580355963, 277.66671568627015, 139.45688401796448, 117.96869288078088, 151.7244953855507, 112.72934400589759, 91.6184752110621, 271.78688802074316, 201.26826004116992, 207.81542892672815, 250.18317289538078, 110.89699049117607, 264.1255004727866, 141.63285282730132, 130.1063507289325, 269.15204810664176, 165.92842583475561, 82.01807727568357, 342.33882704128087, 249.49697893962565, 218.8885561193184, 206.6423238351718, 39.59797974644666, 151.2915232258569, 81.96354372524408
266.2129082144591, 48.609695534944464, 264.9516182249129, 274.33972552293625, 159.80020337909463, 263.7602415073204, 235.55, 197.4822080593591, 241.28432398313822, 227.17264910195505, 44.944688228977625, 217.71012838175443, 67.62159418410661, 80.51901949229139, 180.06232948620874, 308.91044414198757, 237.17220009942145, 193.06458116392037, 100.02532179403374, 180.21431685634747, 0.0, 199.42292370738124, 91.74273813223584, 135.8649329297299, 118.0377270197965, 59.859209817704745, 78.42030986931893, 269.0188887420361, 311.8837804375213, 341.7421579202659, 109.91226046260718, 46.1787830069178, 86.20237815744993, 144.03680085311532, 221.31211557436254, 245.59951648975206, 147.64939891513274, 186.36210049256258, 166.2503684206444, 152.94159015781156, 80.30345571642604, 243.26611457414282, 126.71740211983516, 115.6134291507695, 109.69303760950372, 234.02545267555834, 25.32849186193288, 287.5681875660101, 125.38405002232142, 243.85783768417204, 240.26677881055465, 297.511117439332, 226.43079516708855, 224.8542305583775, 56.37064839080707, 301.0964380393763, 56.88657574507364, 166.4090817834171, 278.17977101148097, 263.26375557603825, 55.539828051588344, 243.01521042930625, 59.18416173267981, 61.12487218800544, 138.21854072446285, 110.57396845550946, 256.40097991232403, 237.0432977327138, 167.45113466322047, 123.11097635873091, 304.62649671359844, 83.09238833972701, 246.89913932616292, 136.78016120768393, 192.31695843060746, 302.65854109871077, 144.7934390778809, 257.08613828831767, 195.42415408541493, 176.57560703562655, 182.0757054084921, 149.862954061369, 42.40781178037839, 262.1408876920958, 268.72821307038083, 91.19431177436454, 191.06281689538653, 221.63927900983617, 218.30125973067584, 49.02249483655437, 120.91220988800099
99.40616178084737, 185.48348983130546, 68.1781673264983, 92.64692385611083, 135.60365961138365, 216.78905069214176, 185.94522042795293, 144.65631683407398, 93.79020471243253, 162.54024117122506, 162.16486210027128, 78.61610840025091, 139.48499023192423, 195.97124789111285, 37.09669796626109, 112.33309841716286, 82.6311381986234, 143.75246084850164, 109.01867959207725, 132.26156849213606, 199.42292370738124, 0.0, 248.8214470257739, 125.68119389948522, 137.69064056790498, 254.94058621569064, 241.6919164970149, 72.15944151668582, 116.82347794856992, 142.33687154072203, 102.15504148107425, 241.72029807196583, 154.08469262064938, 85.06152185330333, 22.81720841820927, 252.9921441468094, 146.0573945406394, 42.42080857315192, 129.2106903472, 46.78100576088548, 279.67978564780117, 65.87814508621202, 113.15614212229048, 98.19543013806701, 147.9080288557724, 90.90572039206333, 219.78272225086303, 111.70320049130196, 166.86779947011945, 63.38479707311525, 53.71445336220039, 107.01131949471514, 113.85979316685939, 192.663158128377, 144.78032497546067, 117.19147793248449, 143.1333119857149, 85.81212035604295, 79.21838486109144, 119.14865714727966, 180.28567608104643, 81.70832270950126, 173.0830508744285, 232.90889313205713, 91.81281228673916, 198.14451796605425, 61.15292306995635, 159.75228480369225, 38.519086178153294, 217.2194857741819, 133.0460446612375, 120.10916909212219, 218.70407517922476, 214.98320864662895, 84.83728543511987, 103.51009612593353, 177.79896653242955, 94.33782380360488, 163.4140217362023, 30.96066052266973, 18.253766734567417, 200.8783524922484, 161.39896220236363, 173.38429138765713, 231.66193040722078, 219.81783367142899, 107.29027215922233, 77.97776926791379, 155.81605340914012, 150.8678643714426, 179.1788073406004
