0.0, 123.06171216101293, 250.1875796277665, 180.14122931744413, 264.2298336675857, 146.89329460530183, 153.7169557986366, 126.878258578844, 177.33156797366902, 260.5338029891707, 86.01174338426121, 192.5858899296623, 75.270346086623, 114.70872896166183, 68.7231038297893, 230.33138084073562, 241.81048881303724, 133.10357808864495, 123.91581819929206, 250.25391605327576, 115.57686836041198, 15.029637387508723, 183.78333031045008, 121.66515524175358, 71.52770442283186, 237.9415737108587, 117.85025456060755, 146.03768349299438, 131.5278392584627, 143.84659363363457, 77.07712047034451, 101.20993034282752, 115.45756796329984, 137.39673394953755, 246.05398289806243, 83.97228709520779, 204.91834959319777, 140.99961879381095, 226.8243042533141, 231.17652346205054, 123.41160804397616, 191.86258103132045, 163.40839941692104, 171.84144581561225, 256.6712537468892, 34.153257531310246, 190.14891532690896, 128.0162977905548, 225.35352781795982, 140.9148856579744, 242.32160964305268, 211.50254135589012, 45.44342636729762, 60.88994169811629, 78.24437679475759, 211.26783948343865, 157.60807403175767, 227.09282793606673, 120.38015824877455, 162.90046807790333
123.06171216101293, 0.0, 314.2532259182076, 204.61593901746755, 347.9957614684409, 86.10995877365173, 136.16079648709461, 245.0532442143952, 277.29632164888164, 345.8887284951621, 177.6490500959687, 309.9111162898162, 80.04829792069286, 203.44756695522315, 174.3281101830683, 332.8645370116799, 124.64570790845546, 96.93483635927797, 240.84730639971878, 342.8815867030483, 87.00087643236705, 125.00929965406574, 100.04185374132169, 137.0114776214022, 55.53100485314487, 302.78398653165266, 179.9371070679975, 132.75108285810703, 19.160701970439394, 131.04450579860264, 200.12074480173214, 159.28730332327183, 234.5621559416608, 222.3392734089054, 126.99406482194354, 113.5834935190849, 303.8229830016156, 237.0781780341666, 341.6114752170951, 322.3042041301975, 45.110641760010466, 290.57715842784336, 70.19921651984444, 287.210136485466, 342.48979911816355, 90.15880433989796, 76.13123537681494, 246.98917486400086, 339.38036551927985, 148.0380018778962, 317.7408259887294, 331.3485325152354, 159.02484082683435, 123.20397720853009, 54.470840823324906, 89.16280053923833, 212.7930919931378, 104.40389121100802, 242.7095434876841, 61.26599791074981
250.1875796277665, 314.2532259182076, 0.0, 122.4884994601534, 63.36450110274679, 253.08315827016227, 401.68672183680656, 188.87324453188177, 113.96464364003425, 66.86099386039666, 164.72548376010315, 186.30654846247353, 236.61242570921755, 137.35749888520832, 292.09549808239086, 120.88941227419382, 369.515307531366, 230.01285290174548, 183.55556379472677, 88.15901825678414, 231.6685401602902, 263.99421395174556, 409.19850011944084, 371.80511696317467, 268.8056965542211, 12.25, 138.21455241760904, 394.3144176922777, 306.28839759285694, 392.08077292823225, 237.43959758220618, 158.88997765749733, 195.2466773084756, 115.14148904717187, 378.8359968376817, 202.03702630953566, 105.37848452127216, 123.4746228987965, 179.52373102183455, 79.13715941326174, 276.77012121975883, 106.60358811972512, 290.55987334799, 172.30276405211845, 66.85366482101037, 256.42749462567383, 388.8715790592056, 192.9681126507693, 174.51808645524395, 173.64797724131427, 31.338195544734226, 210.84065072940749, 210.4114302978809, 310.829165298239, 264.47798112508343, 367.65563371176563, 101.61579601617063, 383.7514983684103, 255.97637097982306, 301.0050871663135
180.14122931744413, 204.61593901746755, 122.4884994601534, 0.0, 174.98634946760848, 133.25075046692982, 314.09843202410286, 191.06025227660513, 155.02155495285163, 175.6184073495714, 117.26880446222685, 227.07556561638245, 135.93569251671912, 108.50225804101959, 241.63108761084533, 198.1658459472772, 247.1485787942144, 112.00874965822982, 184.091016891102, 185.37712911791465, 117.86324702807065, 195.14595178993596, 303.8858749596631, 292.34722933525467, 169.46651586670447, 113.54789738255836, 71.75768251553279, 307.63407239771084, 193.26339539602424, 305.42468793468544, 206.73241158560504, 80.82575394018913, 189.9391020827465, 102.7188882338589, 256.5521486949583, 104.63829365963495, 169.18617703583234, 128.1946371733233, 240.07882559692766, 166.6885793928306, 162.65362738039383, 160.14747110085756, 170.33065637165848, 204.05270152585584, 173.5393039054842, 171.0927307047263, 275.4535577915087, 195.54008540450215, 235.62669628036633, 56.662178743849935, 138.46028311396736, 255.29015355081756, 157.53460730899735, 237.8118005902987, 162.49199980306724, 247.36978897998034, 50.12337279154307, 263.0421734247191, 243.1555572056703, 181.50461426641473
264.2298336675857, 347.9957614684409, 63.36450110274679, 174.98634946760848, 0.0, 297.6099208695839, 417.91656164837497, 173.2910052483971, 95.05577310190056, 6.112487218800543, 179.629465845668, 149.45450812872792, 268.0789808992864, 150.67936985533223, 292.61339682249684, 72.62816258174234, 417.6104315028541, 273.35358512373676, 169.82251028647528, 32.29307201243016, 271.6056378280834, 276.26730715015844, 437.2553515967529, 384.11603064699085, 297.5594940511897, 66.03508537133878, 168.17672995988477, 410.2023890715412, 342.9294570316175, 408.02269851075687, 232.523574073684, 188.71265193409795, 182.66982509434882, 128.7414948647094, 426.44667017107776, 234.53447507775908, 72.91601333040637, 123.91235814074398, 132.41846547970567, 38.5, 315.19904822191324, 81.76677197982076, 334.79764037400264, 142.88104317928256, 9.553140844769327, 278.04014098687264, 424.0142745238656, 176.48921355142357, 127.67518357143646, 218.98255638292284, 36.942827449993594, 169.162643630324, 220.08182569217297, 322.2471877301647, 295.06577656515844, 410.85199889984716, 140.50483977429388, 427.46579102894304, 239.9083418724743, 344.09343571187173
146.89329460530183, 86.10995877365173, 253.08315827016227, 133.25075046692982, 297.6099208695839, 0.0, 219.0298210290097, 239.01412615157292, 245.74137828212815, 296.8018573055095, 155.92568742833876, 297.3430762604033, 71.85321843870321, 172.95985805960873, 213.86632507246205, 299.5153501909376, 121.53671256044406, 24.711586351345396, 233.11681621024255, 299.7539032272974, 34.89659725531989, 156.94524522902884, 183.91126256975127, 212.1, 85.8898859004947, 242.84174373447414, 136.2471375846113, 214.61422366655944, 69.20890477388006, 212.69664430827297, 215.019958375961, 119.97803965726396, 231.30631206259804, 185.28227788971074, 129.72541192842672, 82.0539152021401, 268.95399234813374, 206.73270786210873, 322.95461755485087, 279.2399058157698, 41.7924036159683, 256.625193619021, 37.49086555415865, 272.87096309428017, 293.94937064059184, 116.10402663129302, 146.10561248631072, 242.26599534396072, 319.6657512152342, 79.51242041341717, 263.3956387262325, 322.92275392111964, 161.4141412640169, 178.57067228411276, 76.15617177878626, 114.5821102965031, 157.1067312370797, 130.70192232710275, 259.9878122143421, 48.25559553046672
153.7169557986366, 136.16079648709461, 401.68672183680656, 314.09843202410286, 417.91656164837497, 219.0298210290097, 0.0, 267.75205881561396, 329.35074388863916, 414.1593050988955, 239.30301398018372, 330.2733602638881, 178.80889938702714, 268.2037005710398, 146.30376789406347, 380.2838183515044, 238.77748009391507, 223.15896800263258, 266.9481457137322, 403.0617384471019, 208.1649826459772, 141.88647750931025, 84.07579913387681, 40.547163895887955, 146.0913584028843, 389.4573789261156, 264.88133192054136, 7.896359920874934, 155.26198826499677, 9.961174629530394, 204.1679333294041, 245.26310872204158, 255.7302729439751, 290.8131444759676, 236.547183453957, 209.65467440531825, 356.74684651724675, 294.4038892406145, 366.78947981096735, 384.38621528353485, 177.3823342387849, 343.9716594430419, 206.17614435234742, 313.70623200695263, 410.28032489993967, 146.163033972342, 133.59046560290147, 267.3321903549964, 366.3846407806965, 262.00135972929604, 395.63471157116635, 342.4948065299677, 198.12751575689833, 97.71270388235095, 154.46463996656323, 195.117073830047, 304.24745274200734, 202.54327932567895, 229.8730084198665, 196.3446968980828
126.878258578844, 245.0532442143952, 188.87324453188177, 191.06025227660513, 173.2910052483971, 239.01412615157292, 267.75205881561396, 0.0, 78.89608672171263, 167.93946826163287, 85.43513621455753, 65.71150964633213, 175.57341057233012, 82.7896128750461, 126.80872406896931, 117.25626848915158, 353.0499114856142, 216.88028956085427, 6.973700595809946, 148.89116830759306, 204.21352795542217, 132.46702419847742, 309.938389038854, 229.30877109260345, 189.78134787170208, 178.4883329520448, 123.86341267702906, 259.8643347979865, 249.34153284200366, 257.89846839405624, 64.88890506088079, 128.23810861050626, 12.027988194207706, 91.32518820128432, 359.0669088067014, 156.98777818671107, 101.25893787710791, 69.96674209937176, 100.47194882154919, 134.96255962303024, 232.2389125448188, 91.53219378994474, 267.5211440241687, 46.075210254539265, 164.00478651551606, 155.82077043834687, 316.0492248052509, 4.563441683641854, 99.43942879964666, 188.73958911685696, 167.05379373124094, 86.46416887936876, 86.02954434378924, 170.52760040533028, 192.97287374136295, 329.17886095556014, 143.5669965556151, 345.8116900858038, 67.59441544979882, 271.17615123753046
177.33156797366902, 277.29632164888164, 113.96464364003425, 155.02155495285163, 95.05577310190056, 245.74137828212815, 329.35074388863916, 78.89608672171263, 0.0, 89.98812421647646, 99.7997244485174, 77.07950440940834, 198.585447603796, 74.61241518675025, 198.42993725746123, 55.582821087094885, 366.8141934276808, 221.20027689856084, 74.97682975426474, 74.19422147310397, 213.94392372769084, 187.72859398610538, 357.87067845801505, 293.66689462722894, 223.0389932276417, 104.9842488185728, 110.03868637892765, 321.5126747112779, 276.24668776294857, 319.3920200944288, 137.69064056790498, 125.98152642351974, 87.75024216490802, 60.73180797572225, 374.4432433627291, 169.2697846634183, 27.599003605202846, 40.34120102327148, 85.05792144180342, 57.40426813399854, 252.37694030952986, 14.624807691043324, 280.2466413714891, 59.15414186682112, 86.00675845536792, 196.97756217396946, 352.8017361068395, 82.41663970339971, 80.63456144855009, 176.31108870402903, 89.20332112651411, 104.48540567945363, 131.93653777479534, 232.15634817941117, 222.83238655994327, 351.5397630425326, 105.52369402176934, 368.5154304774768, 146.29037049648895, 287.13249990204866
260.5338029891707, 345.8887284951621, 66.86099386039666, 175.6184073495714, 6.112487218800543, 296.8018573055095, 414.1593050988955, 167.93946826163287, 89.98812421647646, 0.0, 176.31560481137225, 143.3825739063154, 265.89981666033543, 147.43352739455162, 287.9121784503045, 66.52302233061874, 417.11689608549784, 272.45066525886847, 164.58077803923518, 26.270991606713288, 270.3096927599896, 272.40817260133736, 434.48803205612, 380.09629372042025, 295.05020759186056, 68.56427641272094, 166.27762928307584, 406.4259618922, 341.1338520287894, 404.25257574936984, 227.60497578040776, 186.67209887929155, 177.44861932401727, 125.73625173353943, 425.87852728213477, 232.55728864088525, 67.27014568142394, 119.8983736336736, 126.35193904329287, 32.99109728396435, 313.64394223386495, 76.47720248544661, 333.89137829539715, 137.00879533810956, 3.990613987846983, 274.93006838103395, 421.96081867870146, 171.0823485927172, 121.59969161145105, 218.47879187692337, 38.737901337062645, 163.05079729949193, 216.17905194537235, 318.2408561137303, 292.7377068298514, 409.72504499969244, 139.74470472973206, 426.38734737325404, 234.39131809860197, 343.03214135121505
86.01174338426121, 177.6490500959687, 164.72548376010315, 117.26880446222685, 179.629465845668, 155.92568742833876, 239.30301398018372, 85.43513621455753, 99.7997244485174, 176.31560481137225, 0.0, 141.43551534179807, 99.91258679465766, 28.9993534410683, 131.76465762866763, 155.2966999005452, 273.76198147295764, 132.8290348530772, 78.96359920874934, 168.67131498864885, 121.68780752400792, 99.40246475817388, 259.50487953023156, 207.5933765802753, 123.24026330708645, 152.51046685391793, 45.512113772049744, 231.71004509947343, 177.44723863729183, 229.50100762306033, 89.58154106734267, 43.51838691863475, 80.07277939474812, 51.511867564669025, 280.6059381053794, 74.45216585163925, 126.73093544987348, 59.915461276702196, 168.4114752622279, 148.70099192675212, 155.41340032313818, 113.41944277768252, 187.0880140468651, 117.01364236703344, 172.55, 98.90209805661354, 253.0139324227028, 89.25, 165.49671446889812, 104.11544073767348, 156.3763808891867, 167.11464627614183, 46.55131577087805, 146.24221346793135, 123.18259820283058, 254.57297578494067, 79.75854186229836, 271.51902787834223, 126.77007730533258, 192.36536200678125
192.5858899296623, 309.9111162898162, 186.30654846247353, 227.07556561638245, 149.45450812872792, 297.3430762604033, 330.2733602638881, 65.71150964633213, 77.07950440940834, 143.3825739063154, 141.43551534179807, 0.0, 237.96396786068266, 127.95695565306328, 185.74285988968728, 78.60597941632685, 414.50300662359496, 274.02764915241676, 69.19208769794419, 118.62315330490924, 263.09968167977706, 197.85682955106705, 375.4025339552199, 290.94622355342574, 254.45385141514367, 178.8842432971669, 170.08883708227296, 322.42960472016216, 313.3375855207926, 320.5428715476293, 126.14817676050652, 180.20955857001593, 77.23033730341982, 125.27506735180789, 420.9929720316006, 215.77379358949037, 81.32210646558536, 99.5606975668612, 36.84155262743415, 113.2400105969617, 294.5902408431074, 80.2790445882361, 328.12084664038036, 24.602286479105963, 140.0196861159173, 221.2232582709151, 381.5741671025438, 64.74243199015619, 37.371412871337895, 238.09571604713932, 157.73510230763475, 28.217902119044926, 151.1546228204748, 234.06810974586006, 257.0937620791294, 392.66350097761824, 176.96022151884867, 409.43373395459247, 109.42692767321944, 332.747670915966
75.270346086623, 80.04829792069286, 236.61242570921755, 135.93569251671912, 268.0789808992864, 71.85321843870321, 178.80889938702714, 175.57341057233012, 198.585447603796, 265.89981666033543, 99.91258679465766, 237.96396786068266, 0.0, 124.19083098200124, 143.13245613766293, 254.13856456665525, 177.54662063807353, 58.56306429824176, 170.39285489714644, 262.9254884943641, 40.74006013741266, 86.2180085596971, 172.66213394951427, 160.7570993766683, 33.616402246522455, 224.86703293279788, 100.29866649163387, 172.6404935118062, 77.67871330036306, 170.4629358541029, 144.30912133333777, 79.48776635432651, 166.48010391635393, 142.45, 183.49515661182994, 34.577449298639706, 224.6667420870299, 158.2468404107962, 267.33493972917194, 242.32236793164597, 56.70432082302018, 211.50254135589012, 93.13946531948741, 214.2185857949772, 262.4815660194064, 46.90522358970267, 156.17767125937047, 178.2696062148565, 264.6779977633199, 83.32646638373669, 238.38700153322117, 261.62587792494844, 92.72027825670068, 114.96421182263634, 27.896998046384844, 155.0503950333568, 135.05646967102317, 171.93979324170422, 189.30859066613962, 95.73955556612951
114.70872896166183, 203.44756695522315, 137.35749888520832, 108.50225804101959, 150.67936985533223, 172.95985805960873, 268.2037005710398, 82.7896128750461, 74.61241518675025, 147.43352739455162, 28.9993534410683, 127.95695565306328, 124.19083098200124, 0.0, 155.78932087919247, 130.04419441097707, 293.2557245818059, 148.77264533508838, 75.81762657852065, 140.5763137943231, 140.19324163453817, 127.75191779382415, 287.74555600391125, 236.08090244659775, 150.03532917283184, 125.23252373085833, 42.490057660586906, 260.5892793266829, 201.7797809494301, 258.38440355408454, 106.47595972800623, 53.24258164289181, 81.48688544790505, 22.714973035423135, 300.64042476021086, 94.76213642589535, 100.48170231440149, 34.38204473267987, 150.4059589909921, 120.37405243656126, 177.78518639076768, 87.31289996329295, 206.4872453688121, 103.45445857960885, 143.69109227784443, 127.54847117860724, 279.301973677237, 87.21814604771188, 146.93998775010158, 110.19443044001814, 127.62480166488017, 155.29788311499934, 73.10309500971898, 174.5068551662083, 149.10657262508585, 276.98801869395004, 63.024300868791876, 293.9654146324019, 137.04723638220509, 212.94789268738958
68.7231038297893, 174.3281101830683, 292.09549808239086, 241.63108761084533, 292.61339682249684, 213.86632507246205, 146.30376789406347, 126.80872406896931, 198.42993725746123, 287.9121784503045, 131.76465762866763, 185.74285988968728, 143.13245613766293, 155.78932087919247, 0.0, 243.56881984359165, 298.4194908178753, 201.46171472515567, 127.58928246526038, 272.16973105031354, 183.7793309923616, 56.97372201287186, 204.781108747853, 106.11986147748215, 132.26342086911254, 280.1725405888307, 173.33906801410927, 138.6282799431631, 187.28270742383023, 136.91443495848054, 62.0171951961712, 160.81804936013867, 115.17606088072296, 177.21651305676906, 301.2491701233383, 151.90161289466283, 224.2716321784813, 171.0655210730672, 222.54826442819095, 255.76452060440283, 185.95246704467246, 212.6877170877529, 226.33501717586697, 171.4489209648168, 283.92249382533953, 97.8498850280367, 227.83521457404254, 125.47438981720532, 222.5947719511849, 207.77150911518166, 277.9531120530943, 196.40458243126608, 85.80355470491884, 57.914160617244555, 140.80487385030392, 263.05707555585724, 211.00675344642409, 277.4422867913253, 83.91610393720624, 223.87664572259433
230.33138084073562, 332.8645370116799, 120.88941227419382, 198.1658459472772, 72.62816258174234, 299.5153501909376, 380.2838183515044, 117.25626848915158, 55.582821087094885, 66.52302233061874, 155.2966999005452, 78.60597941632685, 254.13856456665525, 130.04419441097707, 243.56881984359165, 0.0, 420.9213851778025, 274.851637251809, 115.9857965442321, 40.67385523896155, 268.4582136944221, 239.73594849333713, 412.35837871928834, 343.33305258888197, 278.5043491581415, 116.83134211332163, 163.27603161517615, 372.40065789415576, 331.7846779162654, 370.331260495249, 181.57040645435592, 180.43781477284634, 128.5343728346624, 114.38361989375926, 428.75628566821035, 224.45999643589056, 30.61249744793783, 95.89808392246427, 60.2162768692984, 41.76601489249364, 307.64741182074, 43.04003949812314, 334.6358767376863, 77.48291747217577, 63.60473645885187, 251.68967003037687, 408.3085659155341, 119.27813085389963, 55.35424554629934, 227.27588961436277, 89.74548735173263, 96.60253619859057, 184.94047691081582, 282.6076078239933, 278.39700519222544, 406.6972891475919, 151.63040592176756, 423.6655668094824, 178.95681741694, 341.8797778459557
241.81048881303724, 124.64570790845546, 369.515307531366, 247.1485787942144, 417.6104315028541, 121.53671256044406, 238.77748009391507, 353.0499114856142, 366.8141934276808, 417.11689608549784, 273.76198147295764, 414.50300662359496, 177.54662063807353, 293.2557245818059, 298.4194908178753, 420.9213851778025, 0.0, 146.24807691043324, 347.7452120446808, 421.00795716945777, 153.06248723968912, 246.52450689535922, 165.90516869585468, 252.5140243630044, 170.28282356127406, 360.08349726139915, 257.71267916033935, 238.29345878559064, 111.31540773855163, 237.2349468354104, 317.8069382502528, 240.83586215512005, 344.0250753942218, 306.58481697566174, 10.204165815979277, 199.45731999603322, 390.39123005006144, 327.3804285536935, 442.08713224883616, 400.5610471576087, 121.12478070155586, 377.9716424548276, 86.81763933671544, 390.3744420425088, 414.4005912157945, 207.65975175753243, 109.82027362923478, 355.80009134343965, 439.0400892857052, 198.64373259682776, 382.56969299723676, 438.8409649292098, 269.6538197393095, 247.72905057744032, 164.10633747664957, 43.83950843702516, 277.4634795788447, 41.83927580635209, 362.02149798043763, 81.88055324678747
133.10357808864495, 96.93483635927797, 230.01285290174548, 112.00874965822982, 273.35358512373676, 24.711586351345396, 223.15896800263258, 216.88028956085427, 221.20027689856084, 272.45066525886847, 132.8290348530772, 274.02764915241676, 58.56306429824176, 148.77264533508838, 201.46171472515567, 274.851637251809, 146.24807691043324, 0.0, 210.81072671949124, 275.1204826980354, 17.88085568422272, 144.6618211554106, 196.86372189918592, 211.73380103327858, 81.32662540644361, 219.53511108704228, 111.57591586000986, 218.04101105067372, 82.90199032592643, 216.00416662647967, 196.83447360663223, 95.63713975229498, 209.65467440531825, 160.67249297872988, 154.41704892919046, 60.28642052734595, 244.28119555135635, 182.3664579904978, 298.99772992449294, 254.58861423873614, 52.365661458631465, 231.98558683676885, 61.44568739952382, 249.49133251477897, 269.5581755391589, 105.30813121502061, 163.93194472097255, 220.28378288017484, 295.6371086315113, 56.50630495794253, 239.42558342833792, 299.9418318607793, 142.13835689214926, 171.8884885616253, 71.65005233773385, 137.95373318616643, 132.87329490909752, 154.3503968248867, 241.5400691396771, 71.11979330678626
123.91581819929206, 240.84730639971878, 183.55556379472677, 184.091016891102, 169.82251028647528, 233.11681621024255, 266.9481457137322, 6.973700595809946, 74.97682975426474, 164.58077803923518, 78.96359920874934, 69.19208769794419, 170.39285489714644, 75.81762657852065, 127.58928246526038, 115.9857965442321, 347.7452120446808, 210.81072671949124, 0.0, 146.27529695748356, 198.36603161831914, 130.2, 307.40940535383754, 228.88180355808103, 185.45541917129304, 173.01509327223448, 116.95081231013319, 259.0534404326644, 244.72309351591647, 257.05945323990716, 65.58462091069825, 121.57450390604109, 12.907362240210043, 84.53568773009421, 353.86869386822, 151.06463848300172, 98.40914591642385, 63.60473645885187, 102.92261656215314, 131.6716560236105, 227.0920187941443, 88.10550493584381, 262.010009350788, 47.99596337193369, 160.62407198175498, 152.0346177684543, 312.4008322652166, 11.46483754791144, 101.5729909966227, 182.01682614527704, 162.3671841844897, 91.27017585169867, 81.97026900041259, 169.45856425687074, 188.38227756346933, 324.3992139324631, 136.65696103748246, 341.0819586257825, 72.47366763176817, 265.8648011678116
250.25391605327576, 342.8815867030483, 88.15901825678414, 185.37712911791465, 32.29307201243016, 299.7539032272974, 403.0617384471019, 148.89116830759306, 74.19422147310397, 26.270991606713288, 168.67131498864885, 118.62315330490924, 262.9254884943641, 140.5763137943231, 272.16973105031354, 40.67385523896155, 421.00795716945777, 275.1204826980354, 146.27529695748356, 0.0, 271.2827399596222, 261.2325065913505, 428.16688919158616, 367.73808954199995, 290.38612225793435, 87.15632507167795, 165.53557019565312, 395.24795065882375, 339.5584485769718, 393.11092582119875, 210.86737538083034, 185.00703365007502, 159.173058335888, 120.56471291385385, 429.4318863335605, 230.73602341203681, 47.97043360237637, 109.59527818295824, 100.15199698458339, 20.697403218761526, 313.25469270228024, 59.66550510973657, 336.26476547506434, 114.33059520530801, 23.892467432226418, 267.49366814936013, 418.9804082531783, 151.64413935263045, 95.43133657242781, 223.2179708267235, 57.284640175181345, 137.26471687946614, 205.114632583831, 306.12277357295716, 288.93045876127354, 410.9073040236691, 144.44657316807485, 427.74095548591083, 213.92588669910893, 344.7004279080605
115.57686836041198, 87.00087643236705, 231.6685401602902, 117.86324702807065, 271.6056378280834, 34.89659725531989, 208.1649826459772, 204.21352795542217, 213.94392372769084, 270.3096927599896, 121.68780752400792, 263.09968167977706, 40.74006013741266, 140.19324163453817, 183.7793309923616, 268.4582136944221, 153.06248723968912, 17.88085568422272, 198.36603161831914, 271.2827399596222, 0.0, 126.91880278351195, 186.83575674907627, 195.2036948933088, 64.41711729036003, 220.72211035598585, 105.99858489621454, 202.78294430252262, 75.58865655639079, 200.7066142407868, 180.93679835787964, 88.03387132234955, 196.42734661955805, 154.0993997392592, 160.51993645650373, 47.40013185635668, 238.05789736952647, 174.34497411740898, 289.4474606901916, 250.62272941614856, 45.29086552495989, 225.42961761933594, 66.32384563639235, 238.70102639075517, 267.24282029644877, 87.43067253544376, 158.1725086732837, 207.43162728957222, 286.2841682664272, 61.20198117708283, 238.78158429828713, 288.42909440623356, 126.84156455988708, 154.16576306041492, 54.93327771032783, 139.65350872785115, 131.99084248537852, 156.4621359946233, 225.8148356508048, 73.58328614570023
15.029637387508723, 125.00929965406574, 263.99421395174556, 195.14595178993596, 276.26730715015844, 156.94524522902884, 141.88647750931025, 132.46702419847742, 187.72859398610538, 272.40817260133736, 99.40246475817388, 197.85682955106705, 86.2180085596971, 127.75191779382415, 56.97372201287186, 239.73594849333713, 246.52450689535922, 144.6618211554106, 130.2, 261.2325065913505, 126.91880278351195, 0.0, 177.54662063807353, 108.34408151809677, 77.18829250605302, 251.75901672035502, 132.6518469528412, 134.105275809716, 135.38667770500905, 131.95, 77.08347747734271, 116.20843342890396, 120.69266754861292, 150.46621713859892, 250.21964850906494, 98.00624980071424, 215.22694998535843, 152.565076278944, 232.91441561225875, 242.49974226790428, 130.49415695731358, 202.33027455128905, 170.83800806612095, 178.16237678028435, 268.51296523631777, 41.19010803578937, 188.24664671648202, 133.12198353390022, 231.73198419726182, 155.2651441889003, 255.32086185817252, 215.25711370358937, 56.255355300628935, 46.845117141490846, 85.05576112174883, 214.0363754131526, 172.34577163365512, 229.4123852367173, 117.94376838137741, 169.31790366054028
183.78333031045008, 100.04185374132169, 409.19850011944084, 303.8858749596631, 437.2553515967529, 183.91126256975127, 84.07579913387681, 309.938389038854, 357.87067845801505, 434.48803205612, 259.50487953023156, 375.4025339552199, 172.66213394951427, 287.74555600391125, 204.781108747853, 412.35837871928834, 165.90516869585468, 196.86372189918592, 307.40940535383754, 428.16688919158616, 186.83575674907627, 177.54662063807353, 0.0, 114.31720124285759, 140.580670790831, 397.38612205259506, 271.84705258656015, 87.08813064936002, 114.84374166666635, 87.07758035223533, 252.35024271832987, 250.93437887224619, 298.2166368598506, 308.8281480046791, 161.7060604924874, 207.2274897304892, 385.32965432211415, 319.0625800685502, 410.29629842346856, 408.09774870734094, 144.6414964662631, 372.0427562794363, 158.7368655983858, 355.40289813112105, 430.8615148745592, 160.93036537583578, 56.08852378160795, 310.6643848270992, 408.97166772283873, 247.54503125694117, 409.5882383565231, 392.2850526084317, 228.27755583937724, 147.3167420899607, 144.76720968506646, 122.5624840642519, 307.7041476808527, 126.03110727118128, 287.03243719133906, 146.58274113960346
121.66515524175358, 137.0114776214022, 371.80511696317467, 292.34722933525467, 384.11603064699085, 212.1, 40.547163895887955, 229.30877109260345, 293.66689462722894, 380.09629372042025, 207.5933765802753, 290.94622355342574, 160.7570993766683, 236.08090244659775, 106.11986147748215, 343.33305258888197, 252.5140243630044, 211.73380103327858, 228.88180355808103, 367.73808954199995, 195.2036948933088, 108.34408151809677, 114.31720124285759, 0.0, 130.84430633390207, 359.5563133919359, 237.386967839433, 33.222356930236, 155.78932087919247, 31.834611667177597, 165.10246061158506, 218.83482355420492, 217.324918037486, 258.79583168977047, 251.84561242952, 188.033733675636, 320.82001184464787, 260.2157614365433, 327.59588672631406, 349.5730896393485, 172.05552882717836, 308.2814623035255, 206.20020611046925, 275.05747126736986, 376.1712010507982, 121.31729060607972, 155.37477272710652, 228.65931535802343, 327.3450664054676, 243.49990759751842, 363.664821642127, 302.49761156081877, 164.14141768609164, 61.87184335382291, 140.27317099146222, 210.15510938352176, 277.20751252446246, 220.19005994821836, 189.45477692578774, 198.16955492708763
71.52770442283186, 55.53100485314487, 268.8056965542211, 169.46651586670447, 297.5594940511897, 85.8898859004947, 146.0913584028843, 189.78134787170208, 223.0389932276417, 295.05020759186056, 123.24026330708645, 254.45385141514367, 33.616402246522455, 150.03532917283184, 132.26342086911254, 278.5043491581415, 170.28282356127406, 81.32662540644361, 185.45541917129304, 290.38612225793435, 64.41711729036003, 77.18829250605302, 140.580670790831, 130.84430633390207, 0.0, 256.9300391157095, 131.2691319389292, 140.1875618591036, 60.573261427795025, 138.0438336181664, 147.9121698846988, 110.35439501895698, 179.46674483034454, 170.00202939965158, 174.60264889170497, 67.41930361550763, 249.90024509791903, 183.05033460772478, 286.08448489912905, 269.97980017030903, 53.691642738884426, 236.60232987018534, 94.07190069303373, 231.6867821003175, 291.5136531965527, 37.37796810956957, 129.8443394992635, 191.82873872285145, 283.8687724988432, 116.02117263672179, 269.13611797750224, 276.17750179911474, 103.81792956902964, 92.69186857540417, 9.82496819333274, 140.79617359857474, 167.52719928417594, 157.03185982468653, 191.81085735692858, 92.13047812749046
237.9415737108587, 302.78398653165266, 12.25, 113.54789738255836, 66.03508537133878, 242.84174373447414, 389.4573789261156, 178.4883329520448, 104.9842488185728, 68.56427641272094, 152.51046685391793, 178.8842432971669, 224.86703293279788, 125.23252373085833, 280.1725405888307, 116.83134211332163, 360.08349726139915, 219.53511108704228, 173.01509327223448, 87.15632507167795, 220.72211035598585, 251.75901672035502, 397.38612205259506, 359.5563133919359, 256.9300391157095, 0.0, 126.16516951995905, 382.0802697078194, 295.08508095124023, 379.84692311508854, 225.9195100030097, 146.89037579092786, 184.51905728135506, 103.09861783748606, 369.31485212485023, 190.3025026109746, 98.76265741665723, 112.1835995143675, 174.21740010687796, 75.51650481848323, 265.72284903635966, 98.70558494837057, 280.3325213028271, 163.82542537713738, 67.8404377933987, 244.2521084862933, 377.5955011649371, 182.6517177581421, 169.20681132862234, 163.3345416621971, 30.209683877856122, 204.1016229724791, 198.2560780909377, 298.59184935292524, 252.7111493385284, 357.3527423988796, 90.0126241146207, 373.543638682283, 245.32478472425078, 290.61130397835524
117.85025456060755, 179.9371070679975, 138.21455241760904, 71.75768251553279, 168.17672995988477, 136.2471375846113, 264.88133192054136, 123.86341267702906, 110.03868637892765, 166.27762928307584, 45.512113772049744, 170.08883708227296, 100.29866649163387, 42.490057660586906, 173.33906801410927, 163.27603161517615, 257.71267916033935, 111.57591586000986, 116.95081231013319, 165.53557019565312, 105.99858489621454, 132.6518469528412, 271.84705258656015, 237.386967839433, 131.2691319389292, 126.16516951995905, 0.0, 257.7019838883667, 174.86905100674616, 255.46116143163528, 135.03379206702297, 20.92110178742984, 120.99120835829353, 49.311509812618795, 265.6691363331466, 66.37923244509537, 132.70724358526928, 72.66863147190816, 190.75, 144.844615018992, 147.81979738857714, 120.44119934640305, 171.72734930697555, 145.68747372372135, 162.9850453262507, 118.85012620944076, 255.87393868856594, 128.14780528748824, 186.99894384728486, 68.09546607520944, 138.11214646076573, 197.61986868733618, 87.77466889712544, 178.39050563300728, 127.76582093815232, 245.46480908676094, 39.86467734724564, 262.33661582020915, 171.7669351184913, 179.5714899420284
146.03768349299438, 132.75108285810703, 394.3144176922777, 307.63407239771084, 410.2023890715412, 214.61422366655944, 7.896359920874934, 259.8643347979865, 321.5126747112779, 406.4259618922, 231.71004509947343, 322.42960472016216, 172.6404935118062, 260.5892793266829, 138.6282799431631, 372.40065789415576, 238.29345878559064, 218.04101105067372, 259.0534404326644, 395.24795065882375, 202.78294430252262, 134.105275809716, 87.08813064936002, 33.222356930236, 140.1875618591036, 382.0802697078194, 257.7019838883667, 0.0, 151.90362898890862, 2.241093483101497, 196.3138112818352, 238.18367912180716, 247.84201621194097, 283.2148874971088, 236.39514060149378, 203.09411611368756, 348.8996202348177, 286.64572646387035, 358.9334896606891, 376.60065055705894, 173.10817427262063, 336.13450432825255, 202.92032919350393, 305.82330274195914, 402.5433672289235, 139.10111430179126, 134.60128156893603, 259.4520042319966, 358.5184130557314, 255.9206126907327, 388.0647787419003, 334.743483879821, 190.35495790758904, 89.82121130334416, 148.7417644779031, 194.80699422762007, 297.1407242368504, 202.83368186768195, 222.2775573466651, 193.38663992116932
131.5278392584627, 19.160701970439394, 306.28839759285694, 193.26339539602424, 342.9294570316175, 69.20890477388006, 155.26198826499677, 249.34153284200366, 276.24668776294857, 341.1338520287894, 177.44723863729183, 313.3375855207926, 77.67871330036306, 201.7797809494301, 187.28270742383023, 331.7846779162654, 111.31540773855163, 82.90199032592643, 244.72309351591647, 339.5584485769718, 75.58865655639079, 135.38667770500905, 114.84374166666635, 155.78932087919247, 60.573261427795025, 295.08508095124023, 174.86905100674616, 151.90362898890862, 0.0, 150.20179759243894, 208.3238104490219, 154.7193992361656, 239.33372620673418, 219.46200126673412, 114.83520801566041, 108.85, 302.21299194442315, 235.90571209701557, 343.89686317266694, 318.88764871032555, 30.69841201104709, 289.0841097327904, 51.03883325468951, 290.0843411837323, 337.85353335432205, 97.5872558277975, 82.704488995459, 251.58208402030542, 341.419214456363, 136.64037653636643, 311.5440418303646, 335.80543846102313, 163.72856348236857, 138.6039772156629, 56.37064839080707, 80.25386283538009, 205.45715490096708, 96.621555566033, 251.89546442919533, 42.386141603123065
143.84659363363457, 131.04450579860264, 392.08077292823225, 305.42468793468544, 408.02269851075687, 212.69664430827297, 9.961174629530394, 257.89846839405624, 319.3920200944288, 404.25257574936984, 229.50100762306033, 320.5428715476293, 170.4629358541029, 258.38440355408454, 136.91443495848054, 370.331260495249, 237.2349468354104, 216.00416662647967, 257.05945323990716, 393.11092582119875, 200.7066142407868, 131.95, 87.07758035223533, 31.834611667177597, 138.0438336181664, 379.84692311508854, 255.46116143163528, 2.241093483101497, 150.20179759243894, 0.0, 194.41483996855797, 235.94283735684795, 245.87468861190246, 281.0070639681501, 235.4212501028741, 200.8783524922484, 346.78642202370037, 284.48132627643594, 357.0289939206619, 374.448477764298, 171.2215596821849, 334.0131621658045, 201.22930328359237, 303.86975005748764, 400.3712402258683, 136.86074126644206, 133.96955810929586, 257.50534945899665, 356.5976163689264, 253.75, 385.8524199742695, 332.95597681975914, 188.19620745381667, 87.77466889712544, 146.62117855207686, 193.80173502835314, 294.8996651405356, 201.9818432433965, 220.61719107993378, 191.7597585522051
77.07712047034451, 200.12074480173214, 237.43959758220618, 206.73241158560504, 232.523574073684, 215.019958375961, 204.1679333294041, 64.88890506088079, 137.69064056790498, 227.60497578040776, 89.58154106734267, 126.14817676050652, 144.30912133333777, 106.47595972800623, 62.0171951961712, 181.57040645435592, 317.8069382502528, 196.83447360663223, 65.58462091069825, 210.86737538083034, 180.93679835787964, 77.08347747734271, 252.35024271832987, 165.10246061158506, 147.9121698846988, 225.9195100030097, 135.03379206702297, 196.3138112818352, 208.3238104490219, 194.41483996855797, 0.0, 128.93735882202645, 53.17351314329344, 125.25893181725606, 322.4322642044372, 138.31378275500964, 162.90046807790333, 114.17620154830865, 162.62199267011826, 195.086935749168, 197.7462831509103, 151.69058144789346, 236.71413667121783, 110.09934150575107, 223.61685982948603, 110.74002212389159, 265.32701049836595, 63.79800153609828, 162.2686969196462, 185.86713668639757, 220.48999977323234, 140.28190367969776, 55.50894072129281, 108.15, 153.70061808594005, 288.26510801690864, 167.72013146906366, 304.1518124226782, 45.01005443231545, 237.58839407681518
101.20993034282752, 159.28730332327183, 158.88997765749733, 80.82575394018913, 188.71265193409795, 119.97803965726396, 245.26310872204158, 128.23810861050626, 125.98152642351974, 186.67209887929155, 43.51838691863475, 180.20955857001593, 79.48776635432651, 53.24258164289181, 160.81804936013867, 180.43781477284634, 240.83586215512005, 95.63713975229498, 121.57450390604109, 185.00703365007502, 88.03387132234955, 116.20843342890396, 250.93437887224619, 218.83482355420492, 110.35439501895698, 146.89037579092786, 20.92110178742984, 238.18367912180716, 154.7193992361656, 235.94283735684795, 128.93735882202645, 0.0, 123.4701583379563, 66.13518352586617, 248.47658340374852, 45.91541135610134, 150.08104477248284, 86.75553296476254, 203.6416583118493, 164.31446984365073, 128.33598482109375, 137.40342062699895, 154.29006772958525, 155.60993702202956, 183.318827456429, 99.10007568110127, 235.30830839560258, 132.21710365909547, 200.18194848687034, 60.648042012912505, 158.99749211858656, 206.99948067567706, 77.14781267152037, 160.93074597478258, 106.87386256704676, 226.71464443215837, 59.01004151837211, 243.64651136431235, 168.86584172058005, 161.45777311730768
115.45756796329984, 234.5621559416608, 195.2466773084756, 189.9391020827465, 182.66982509434882, 231.30631206259804, 255.7302729439751, 12.027988194207706, 87.75024216490802, 177.44861932401727, 80.07277939474812, 77.23033730341982, 166.48010391635393, 81.48688544790505, 115.17606088072296, 128.5343728346624, 344.0250753942218, 209.65467440531825, 12.907362240210043, 159.173058335888, 196.42734661955805, 120.69266754861292, 298.2166368598506, 217.324918037486, 179.46674483034454, 184.51905728135506, 120.99120835829353, 247.84201621194097, 239.33372620673418, 245.87468861190246, 53.17351314329344, 123.4701583379563, 0.0, 92.84504564057255, 349.856645642183, 149.48319303520378, 111.31540773855163, 73.77033617925296, 112.35054517001686, 144.55381350901817, 223.018396102205, 100.97970093043453, 258.9304636384062, 58.09262001321682, 173.48882528854705, 144.9904307187202, 305.00727860167535, 12.565926149711368, 111.3929643200144, 184.11796490293935, 174.67244344772877, 96.79888945643953, 75.65992994974287, 158.50093059663718, 182.97771039118396, 319.34503284065653, 143.73456438866748, 335.9039185541008, 60.8366049348581, 262.207003148276
137.39673394953755, 222.3392734089054, 115.14148904717187, 102.7188882338589, 128.7414948647094, 185.28227788971074, 290.8131444759676, 91.32518820128432, 60.73180797572225, 125.73625173353943, 51.511867564669025, 125.27506735180789, 142.45, 22.714973035423135, 177.21651305676906, 114.38361989375926, 306.58481697566174, 160.67249297872988, 84.53568773009421, 120.56471291385385, 154.0993997392592, 150.46621713859892, 308.8281480046791, 258.79583168977047, 170.00202939965158, 103.09861783748606, 49.311509812618795, 283.2148874971088, 219.46200126673412, 281.0070639681501, 125.25893181725606, 66.13518352586617, 92.84504564057255, 0.0, 314.37911031110195, 110.96766420899378, 83.95988625528264, 25.724404755018146, 142.70260158805795, 100.04675157145282, 194.07965503885256, 71.3905631018554, 220.2523609408081, 101.69171549344617, 122.06924264531176, 149.30730893027308, 298.4235957493978, 95.88850296046967, 138.74310793693502, 116.08028471708708, 104.92530676628971, 153.38348183556144, 95.6320160824815, 197.21405249119547, 168.37291943777657, 292.77013594285876, 53.237979864003115, 309.71539354704345, 151.7378166443685, 227.5834462345625
