0.0, 123.06171216101293, 250.1875796277665, 180.14122931744413, 264.2298336675857, 146.89329460530183, 118.27410959292824, 72.97227213126914
123.06171216101293, 0.0, 314.2532259182076, 204.61593901746755, 347.9957614684409, 86.10995877365173, 57.55771016988079, 164.24698627372135
250.1875796277665, 314.2532259182076, 0.0, 122.4884994601534, 63.36450110274679, 253.08315827016227, 346.681669547151, 308.85492144370954
180.14122931744413, 204.61593901746755, 122.4884994601534, 0.0, 174.98634946760848, 133.25075046692982, 247.12503414263801, 251.60496815444645
264.2298336675857, 347.9957614684409, 63.36450110274679, 174.98634946760848, 0.0, 297.6099208695839, 372.3052511045204, 311.86335549403685
146.89329460530183, 86.10995877365173, 253.08315827016227, 133.25075046692982, 297.6099208695839, 0.0, 141.348876896847, 211.89689119946993
118.27410959292824, 57.55771016988079, 346.681669547151, 247.12503414263801, 372.3052511045204, 141.348876896847, 0.0, 132.02981670819662
72.97227213126914, 164.24698627372135, 308.85492144370954, 251.60496815444645, 311.86335549403685, 211.89689119946993, 132.02981670819662, 0.0
